290551
416050
410690
19003415
91450141
42095
64203
7817
4797729
3871525
89535
1363147
38570
8814111
7423059
8039
21571539
71434116
27173832
97651841
55750
5067397
23022
1323600
3865951
23012956
119354
6733294
45714537
71185900
8415982
2937947
97330103
62511646
508309
8672342
231876
508766
71690328
5323271
34002459
85244873
4205231
23113088
98487752
2093735
55224
34191807
2091
9031762
58568078
5019707
85119341
89012
56785
1900979
72770577
26031672
53322663
456270
2910085
23475
5748988
7587842
670652
426594
37744891
73519705
524477
50739699
304858
44192063
85317305
6101199
53817457
93219
850530
43654523
630053
82731840
38472425
29882
736025
29746929
52386056
99617103
2628843
61708529
7245714
12908
3835
3139529
59703
1437
6476997
7244918
70000502
61600342
41103298
318344
88228
46834352
78835605
81475
53960457
436409
16166
25957
612543
2813316
40414
74172225
6554985
7771044
6816844
146115
8267434
42786
9635865
5452203
916939
55835
237289
51976
9708798
4507780
62845596
18322
30357
1487
58144341
7390
4139982
686422
3404752
1111278
9489473
79922
8416426
3233779
61880
41450397
72650
70691
6842988
8802
17299
449053
33647938
77721462
80992041
680465
28523387
9863536
970609
36300021
21316
35552247
59558
66747050
23572552
79846732
27291
9280881
89388
49590058
5950912
56583454
48337163
87682
71213155
9494716
96891
66537264
72362
42851434
75532101
6877930
76256991
863500
365748
72826497
2898356
31972279
45348
42297
41482570
8208214
8116315
36350032
57254848
91091
34530
13794218
2328349
12705843
95660
83050660
3037856
89965391
74852968
84987870
473683
388381
14655703
430253
97822829
875771
1195376
15185921
49918365
76012294
68624343
351706
69586259
67338296
8240
8636409
47057604
93195
68689
48045
732963
56522579
8893097
51443704
51568917
489830
151490
40500821
9171060
74131288
70373548
35870613
33230825
297878
9697102
9339254
92195922
77017863
27514
86933
54271783
84457803
91792491
4602174
28741738
3357235
6951237
43004798
97809
932490
39711
93668556
187311
8681330
33020
42911
435473
190913
210648
98084070
942572
71980304
59755658
1202
80780865
494686
39560
8595270
90682865
60437111
22900
7861961
725552
750265
592813
36883925
39049
7886983
99182
419832
3907
967560
6076494
3156745
66891
88181770
90385
2559446
3305
44161
54046
39390636
60660906
55775724
33489
137637
2346165
7861051
66522920
74091
86815843
43126
43383
65316250
44729235
750753
36255
33013
584049
47055428
82578972
319861
6994069
45680873
726898
6810462
34086
903635
370095
30579076
759222
7210758
4250519
44322723
92150464
66022
80860478
72133
858407
87769
19462098
11617868
17
106282
33432449
19076
962048
88504943
965538
22130392
26583182
57165777
26068
53593295
85293184
42302
2522353
860622
86124397
95087
57051343
24639
66784230
91606276
634216
4690735
176682
7241034
18713532
3321183
93463583
7486454
88255855
1209983
30615269
6240953
52913286
17949
486736
91964
56916788
7493922
363318
753726
6799455
7575449
569285
56851
557820
8264672
90445272
302006
941196
46339872
37198351
888038
68816068
1351808
68557322
86257535
28917
288382
3252
81727532
503386
463480
631878
931195
9376185
540341
1760970
50648013
3783823
695171
18409701
46993745
309128
96062
4249884
57862693
53198359
95836
33163814
34358862
5856186
9446012
47037
20316
664974
5604608
185133
58312
44628
79730907
62221
79732
3975293
259657
705881
236810
811410
53310376
8144230
2776813
472410
92721828
74272849
17859258
7035251
22237681
77152
5707453
12753309
57080222
52800809
14212466
17546265
75881751
510786
22896546
88753
184410
638032
97798
364199
5077205
76356019
63565
9657292
414027
537576
77965496
23455
34875127
99033
333492
7525
45931892
31338831
45569881
802352
2676012
56300135
478201
865134
24225502
77231295
1512659
12607692
996054
12735475
7641693
97061
79829
68180277
80718448
90943047
28734
8507622
380968
48020
44285
554632
61509062
45128827
89658288
375658
943397
843147
447788
4540851
97745273
433482
5010649
49685
18718
38273437
18166343
40630609
73175851
4582011
4507929
30073
15876412
19188
65900379
84762749
29258
3106280
255565
46652
84581896
7271251
2092
238901
1907560
3647302
69855
8910093
52985229
387740
27368799
99390
65085453
1439036
49592
35564714
6489769
62232827
66774333
215695
955970
69900779
50796011
35607
2147171
64435
22150787
20998
850994
69795659
81859
36458800
3929661
808
19832183
5221161
913068
41635
720028
97486165
56667
30044
5856206
976213
76575671
89658
675768
3096270
71157
52571911
40660905
39043664
646994
91283710
5324099
57072365
52243692
53430
850669
649338
27111585
90497036
33177
962853
99448
3907789
685127
16957456
53543593
55858495
79668
888093
8986232
764365
40651
48897
6648228
2705799
8925852
20821030
33252478
43655
27479
7873863
83222462
2205
71224232
81487755
63170639
7974022
50308
70097289
7120429
92706
6845965
31942135
6709619
88005967
89121579
2420772
21395
952621
601182
65628309
876870
74819025
34725660
88289
25180
94295
854773
3008584
826218
97154618
12270245
1512416
64804922
52641
40883
8813655
1711373
921952
12061106
57464
32774514
913708
7808146
59249886
98380135
9933021
778871
678622
3485790
97915580
50522381
7246651
1297
3272
12284334
5941962
592068
672981
69755858
65323936
7488185
86913
10739
87941
78935542
54375589
82581861
337579
13963288
32394530
7595151
7087533
42818
2065029
79895
50975334
56863518
45669082
6144247
111958
43415312
1223183
852130
72743
83517474
73493
2112090
70567
7204
2468736
76606518
462638
7357439
70414607
864181
2984777
95577591
972136
68142022
185032
13226056
78185165
55193086
2782011
891254
9689371
10132558
3314082
64479098
30103
985397
2897588
17108305
95216985
81450826
93337136
1726
9958917
10227
37215
572344
18124768
4863131
67194
874639
2993529
56457386
83860
55882159
274948
88852917
19173
90761806
95167356
71522
32147415
175911
36389
3633254
37591074
858123
90491835
181042
773690
2774834
5659324
85742599
33500913
54306573
32890522
25398630
19841
90648675
9636653
90061962
2756197
998475
844079
73126718
51816198
55981335
41354
9822982
50081635
2580242
1845719
75824
365639
82445661
4579343
637151
56679379
246
7093790
46015
21579
4401239
1520630
99330627
704270
48370237
951510
22342095
364762
58100
9365608
30823815
6368403
226962
79734954
73776
1792566
1711
785912
76603959
378345
247616
96980
31823168
322027
77281345
24248063
66645
30067213
914259
32107828
68681
13651748
22606871
88728874
398741
45669
69568380
25202522
7552846
22208637
9733
7490318
71076
96747721
9694089
576388
8307646
48263635
44709768
63037173
87393769
87723962
877
974585
85174
10295930
46358560
36626
5428
48771437
98722
293124
44976
240587
24900865
954157
73899379
94513156
784361
86161
7161517
896077
647011
422256
73460028
2413315
70425650
8542523
7125931
2281756
715867
6948874
43770767
5206540
13222644
205
44446807
841983
95433360
37190
497820
8261402
14748410
39641411
76473382
437303
22122
5186050
68512158
5826315
51012126
21447031
78797385
82752887
50089865
84223009
6820059
1058705
23227940
29815
88951108
774592
40469691
76522
365861
825847
70222
2126724
144546
2269201
19158247
714201
270661
17405004
46894
85092
66996
22706452
870393
2667708
52174
80672258
888522
248431
86172402
95688577
72609974
90882
5268861
5221
978527
20499650
51088534
968075
26796
24058793
18740525
894508
8800313
8888
92852751
544747
9384865
97110786
99256438
47187185
9467146
2752564
3790296
60815925
27033
7197192
227085
738944
8341730
62565275
18264753
27476
533426
10320267
656827
31215
338685
26066841
1132161
604482
57073651
38045
37911438
895140
3241201
4444002
52510168
6133912
6809677
161698
46482181
57555286
85583
5643995
13581385
5313881
33730389
31486661
44974
27638
37708730
791680
44989726
73074681
81161566
81343
57820
40271644
81092091
96255
3447426
11051
45897317
91540719
2173349
30213640
6680258
6523130
9767085
81275048
2774
18001
92603
94840698
5751379
59516
5086792
46967881
9220
950464
9983119
220050
73575610
2396512
366895
76348944
37238252
90264656
879344
15063260
42594386
9396704
35776243
86395990
7887547
629438
9718
5422789
37045719
1786998
8240469
1031399
37791
16683
9128700
36175150
77410
7689787
302553
374044
50933
2318768
295835
876059
8938184
1915
988549
7294677
69505568
90306188
14891
30430
956970
933
110286
94744
304242
7942298
876229
92463599
4027170
20271
8659286
64195
1228
84259660
94178871
78058
61128688
231762
8993328
82892
15363
78322
35740910
54112
96091
30886005
780858
1570925
450145
88940
617579
49157767
1764046
95862
57248858
89633
8542284
7110722
41010887
79240
53848
251679
124620
5954001
154324
173435
617280
11512
801158
83313
42781
13556844
41247
24617992
60772851
461988
34422
46774
515511
30703416
452498
88848928
4781406
12335640
57245630
19965838
71735392
50906836
36511
2129175
744639
49096711
7402
85331720
83090859
8610460
85416560
9354569
77562423
5930170
36589
5558879
883435
17220
51054738
581347
78695
145807
47036
1473301
93870
515720
99738380
21655458
33604511
73160909
893014
20482056
26136
67072
139155
2634462
76105939
61861
31530548
4111277
6109692
57013009
58241011
9043257
79470268
84596800
3367858
57208
253469
2118242
935537
2754976
38596005
24127
19887992
2631288
71991
2412852
418985
918269
132053
9528359
7932195
492644
58363245
31361431
15059226
2812599
73946541
3116009
30323015
76458829
458283
382623
270950
3000426
97368490
41689905
85381219
281882
91701
1957957
728109
4339943
84869509
181542
75520
11300723
98871547
38507
87733
627859
20538766
77941842
69947647
5957997
527337
487031
85742502
296114
3594093
4111362
43318977
21959525
83547753
22261173
25569583
45025164
526244
58231158
68281
62848038
234949
980179
591515
59103
4337556
32901949
598851
15216
47612615
19598456
299359
89858051
14059
1018290
28766
54265
1778967
6673107
428890
713
34958
533400
696157
1176329
9762478
97098528
344216
46447163
5898808
88225247
730713
508097
7763
77175191
63769178
784265
905928
21561
21172
375953
54067
4084838
20365894
590368
5263079
26228725
55930203
517750
10553
9074950
97916988
99511730
307869
426096
9607
60973134
13266803
783441
62107283
4999602
11675023
61463
54357602
411925
3054
44715
88303087
7233426
91832218
1473217
11883
940567
31521308
159101
78266103
986266
86431873
2056762
260508
14053204
3794833
116337
8959868
74576
3611733
8681946
91550700
23682334
50663912
12123981
66786575
49395225
71411854
35696231
34297510
3804004
66761510
44906
29351035
48251
10817590
274997
64664203
55893341
79903
44710
789462
20642
37082276
1498995
5539540
76347799
55790
85396807
4983671
6140087
58213294
47827
62239725
40516821
301891
5092155
69763719
83445936
56556
604662
97454
64411
9366485
96612727
76733354
20139040
708481
47289668
50902637
76248211
50119725
263795
64364
73618469
75057590
94641
944604
34393526
4704968
8231996
6488831
569071
60840
8361181
33267262
241229
59533272
43511
59438333
58209661
57759733
6806435
7978065
258542
364384
228641
15445
7430532
306186
12672338
6127005
7551231
26855413
43350
58732791
87613199
98696
95970768
51199
786308
13426042
85081
72937835
55142
514263
47230679
48167286
55677355
40739
33422253
331561
3369050
81686447
15857336
958873
17160508
58107622
46009998
13376
3604973
44105
14664707
15182
24128
14022
88681696
328585
477194
179238
59107
17957796
721401
29080
441865
154823
406988
33787865
64466
25359
8154970
547713
93688959
62447
7904753
41275316
172403
37275188
3650398
884452
70756730
60180977
1013555
178038
412797
21658
905853
77161
7957070
69152
66617219
24756596
28614351
302741
16354205
31251516
98913257
86967983
1925
73994
60073263
81297306
2608066
72462
86431631
7702175
44602059
76790359
32852
3050
81971531
19257543
30060
61436836
25462448
68690074
984058
9284551
71415855
26038
39738
93948
54598629
171378
7266043
65887827
473611
19312
510959
317789
57642866
9094559
17394373
8243342
251384
209361
4949489
104437
57681
69435194
767965
98360
98140
14729097
1117086
2856174
1450090
16214148
852681
491815
45320
3068593
71170
338587
635164
42569088
387854
68418959
88627
92207150
450864
30597
5816636
9043066
34608221
48650848
97900964
82566582
5497409
23391495
44994
8264573
789573
21311
220403
70496300
62735
3158031
6910459
32204
4930205
282068
47545782
28796
88029
23863
55724
204581
10644659
749622
1570840
58632416
5830134
6613010
97731807
33100
71045
37005483
73458271
2551813
22037617
11695017
8752872
28436890
657131
294217
75130
846546
60067842
287929
14388
66416752
290202
1107359
9667306
27725229
91728204
32460
821688
54393
58689333
330984
548021
458302
24197871
1967812
4314482
8994415
492555
3189197
333095
95331690
51556172
3443784
22138235
23912971
22807
34242051
51877690
1050505
774221
469556
6309279
56539566
785606
82983
31806836
84736751
649778
15996
232473
9743236
1386687
62514931
148206
38033
90803808
73170075
87131
1854645
7973873
16948933
8545382
95927987
18284402
23983
22686787
13671435
8495575
93992100
45849
99706
80577755
72279275
7683145
93546
54947241
93782511
5387957
39048520
53891564
22765033
33657
75595
342324
34050
400710
69337239
346108
434236
465321
39591
65982812
81911
31088074
9214384
805562
34489900
588371
65185571
78799451
82508931
6565731
69731179
28091
931185
179854
52488440
5458464
51426
29481850
73837
1384785
55565
70325140
20642995
59428623
98560197
9016313
36278
45905
795875
164623
269378
52519
72761
14983179
4564468
83579
224392
6846917
598908
12409
67201959
867691
5939993
70930
67872
6580177
36958578
7829529
60338881
2074444
60529837
49492
94775659
622762
6116
39027116
76683034
13178
793921
2248785
83385438
254664
69065875
4913257
42576404
44094058
43992910
11446
7050
9025846
82351377
35928
575101
16667
50041891
83506272
633343
2763627
5543020
24628109
70023933
79402700
6080889
69921
291328
28983
1504573
2308863
10353
61968327
857443
3386625
251270
19171
37964657
962324
262641
90853577
6845026
556195
629751
66212833
261779
6488482
4992111
89263
643053
55653384
99952
48536943
396334
21366
123037
50222095
69598466
77203
481371
6724604
76202823
52952
75120
9154878
53551335
57895615
62236437
9311019
1519598
51530936
92760
79232
72546
2250926
31151
20232696
30639089
70215
5924350
616639
28279206
850552
414323
33432057
884498
14216016
9408991
997936
38270704
5145708
74159629
94225018
78729
73670538
1502052
10354298
60115
3662515
94821202
881757
67205163
15161018
54402
53521
8484242
9105828
72991
527267
9075815
8939741
189786
70637824
15748792
90354450
3670657
61425342
3895765
45505132
55175957
42320593
11844328
13501
508584
8706162
8599
7618550
58227461
290127
55533284
29698733
852804
18535644
78856712
94574163
126181
30006709
73951886
208977
55001
360542
8928883
471587
40200
76400620
6869918
17042
36099408
1804759
4278
10059
2335902
8313321
86360777
1727757
85614
10399027
62655
9344887
910461
8750851
24449
93183458
70416
578011
78526363
3253861
4673036
36739
837718
83915271
75622252
31738622
567852
90162035
974621
50865
17514
996538
51633
29241688
4111224
92906396
67366548
77667594
105891
57157157
33930024
73979
437643
38229
57168204
58337452
6133661
57447762
93384
134113
51815135
13688828
7814546
324031
6314233
99506304
278891
794962
283312
95847
28310277
1793323
14072900
9611489
40387205
79597587
399893
48995
3193784
4769624
3777166
859923
24186
8042708
248963
8858096
41045594
7140
322915
42972487
66355
4940875
64039
62384105
16138
51318117
907511
506937
945669
89257
8877812
8551
33536
51931
38586420
21558
538591
2944359
64229073
87700413
166954
65272769
29549069
39894141
9816897
37724509
57688
99041674
24783
998648
536278
29997
39601
629847
51664
4641472
63509
1973701
81019431
343957
70820978
89887936
727357
2835640
2951819
10692369
8612330
45851
68386
13370111
2853302
55941919
81994719
31635841
85931
76481
23465405
5346942
134805
10848
3659653
253685
3217286
4284
70342213
31546382
73711165
16989080
3274046
62155870
926518
173515
62155741
71115796
21024
37868
8073265
756975
375600
6970881
86479
43705856
7035827
44742
149373
983877
8915460
909070
245445
1692875
1954842
13805835
65097779
46847173
2675989
64419
666659
53099427
857922
829439
575727
3239945
445311
1549983
4267200
77853839
425373
56013603
9821367
69189
1617
6331044
49515739
97232
62948
185779
212629
876113
2021225
9488157
74538443
96185488
15831
47985631
66270942
6709152
1395553
26173162
493566
75052261
30767248
589178
77947072
598408
28895
769959
4179655
44892551
890774
53399946
358530
8015103
77272832
14622
78150866
19698
23407
57819660
41937664
6939690
54658466
23342467
8101758
758005
71769480
1614339
91096607
36242187
22434936
51906315
43437820
35986545
84508619
991812
966936
9985636
4635223
4969838
37634560
76693295
46700
47858231
9309480
77228997
24951
52220131
7991
903300
793264
951072
142972
5393241
690279
5083861
3893
82956
68973
34214929
8847919
9505003
50572166
5940082
54468125
3313432
682645
538802
5693
25182
93854650
20800294
9345862
2872343
97157352
5368022
70005
52878345
40968640
6717828
86006
99487
6754047
7827616
13013
43517949
9254
806
69803652
7119294
89321695
5227230
26061272
26844259
12518235
88257806
49291810
88621038
72162
12150
13031711
8917692
65707012
46202823
198186
34481
6034
85209
1194382
15055
63520
3748449
65016
37426
914522
6094418
3255475
8891868
3176331
9596111
8596971
16015376
636908
4574446
77477018
98600040
18254143
387934
34580449
80104
6922490
767029
618381
615381
85791550
98900
441527
55804781
87704943
30804
89473496
547442
344174
4878887
72364138
38148369
749384
23014328
406317
31775636
34375
14152586
2409366
8581175
78623721
52940
63985
3232825
31916198
26636
946546
10719363
7376579
499599
523391
7893472
9503755
73323
177741
26529550
99622
1168387
2965504
37317433
60932462
8749536
35014
55475
9483097
691517
48804
28570462
822213
61281762
98929536
46186539
34199431
96580516
514173
9213362
4158750
75591
73003
58513
826406
376198
2531799
44450447
86839710
4859447
1312054
2927702
47183132
9890167
261560
44685278
734722
35169221
36417202
674857
32029685
7985
389197
37547334
11614
33595071
65137
83598
475499
333163
18575709
5021274
94018
74181294
4995794
31385941
95854
77531
6344490
30548213
8445042
92248399
29637781
47445537
58522619
37276661
734053
75174900
9807948
673842
14306
53959154
68581
9993685
42296
877308
32761
234945
5182529
92233
54177
82868701
7462264
60445415
457084
13792847
35935
64461898
78669299
66584222
56148
98108792
583498
48636
3138016
58414239
67252844
88999114
178489
896445
22344
72856419
5792556
59228
7942400
14085822
46349
63876401
1480911
54383921
179608
96293195
7109795
80570422
70262497
25919
69950
99014108
43062
9312842
24817940
52174983
48143
27829988
40773
4320499
4482357
2258555
65571309
5911203
93371552
244842
97948793
43364617
56752
4724556
61786
301349
5609397
978761
48246691
72220907
9223050
51196535
4333790
402405
54631
46653143
572564
3769949
790939
68772636
51541
34122
9610959
98973525
31246659
98097
2932815
95259
90017
3313703
82366833
11422489
59728
83140949
30733180
5002526
43013563
90550339
84460
5747
5895575
6564405
74733420
36091669
663379
968575
40983353
30479016
53075
83405723
7019311
8373615
20618060
47352933
60222364
67902125
10321
84027169
34747
41687481
75256550
7010104
8494447
9784175
237425
847527
42278
88378379
34346078
3770037
3599
94328642
9473944
975058
63477
210488
655428
9652258
1249719
71584695
32455346
464183
22341344
6710712
88184
6253862
51056192
11497721
37443
4020969
78630570
9111049
600259
59420496
24160186
274997
40813364
86419504
819232
77017525
11042057
7236980
83573
489407
11954691
13934120
21110
1150800
7583171
649
263023
8655
224215
52776541
58999404
7330219
63638
2800144
79049
5812154
33443
55735415
768246
2220763
62720046
6694581
64092
8679308
65943
22830088
60479
2535751
46046656
787767
50777141
208715
4747048
1948451
13771
38011
54659972
625964
41942706
50469145
8877042
3074394
4022715
781466
61435072
30232758
84391017
40538
76973141
77194
43614444
907939
7990067
30758
45815
76095350
26251283
311403
90627538
602290
78280500
1251205
30232
5917595
1911067
1057226
80096069
44832
1801177
61738405
75404
50588710
91758
16962474
57803
15140
7200082
654544
388290
52200617
3100727
475290
31908705
84257643
3055448
6479231
5444706
3813
543240
78807
200795
2684368
633382
9888841
1532593
8817025
410054
55250
31719787
7490742
8748143
81587604
8211932
87449
890753
32737
4134377
470301
74302328
534403
36554710
1403295
7407627
31957741
9071921
25379235
5626445
39275491
14248719
65399326
64823
1609924
71941470
1723
17916
591274
9292761
63301496
1677458
82282731
70133155
787286
29197385
19097
530300
777810
3451028
4303670
394640
72512532
65103784
96922
93470243
95455847
167148
14461
86369138
92908139
4433365
61178
5732731
26868809
75297513
661308
515034
68002
70310
6266163
61622
7987274
8868744
60051789
75250
478817
55007
5441329
75386214
87280124
540458
43287393
1879507
8123039
95338
14873
68687196
1311912
409173
20073119
638416
66739146
94520586
74401
83479457
94856
8160663
2658246
17520617
5407558
265492
61340614
18347057
42756429
21986
65770
91680063
964260
56810442
95944389
24310522
95320
91093017
890039
5597111
59256
16821
1399611
53313
35235568
4894
747927
926316
99657280
12786416
44259999
461503
12380
96677
1212142
92755
87086
26956054
11482068
9162219
46155
771536
205622
63646186
874489
8460925
8209607
75112
66835
84820
47037168
76369278
7669461
4937964
25717845
45948
5870232
27148652
1999397
694876
27053
747309
602141
746926
18116076
451966
908718
5473544
751565
7307796
6264933
32653
53090535
72807
3386800
69320142
4958116
7718315
860197
746064
90423486
27820986
77951580
38663600
41095
96205627
13217
57181
16171608
304501
40223
71909
83126996
19134249
45088567
1431025
2272859
18103
94378012
41098
230798
9407351
72172
9566917
20961
72530835
89014991
27348071
618834
522381
5503350
8068603
17334
6049123
72756385
9394214
88288847
49734
98735
89526
1146501
94114
337704
83915693
7173755
30871618
4036
90114343
206825
20431
537185
79872
65025520
71514066
3799730
18868897
7391060
11983
9938519
3207445
95145470
51691
284275
8986243
1675270
45739335
13428
24116
11974
17833035
95727
36461
26347895
22635051
13084902
8836685
72153345
43352998
83904
696901
837970
820635
16623262
55619
768956
8861528
19717620
6219494
2290889
40193
384255
693431
97221
72719153
35058202
527391
540478
93618026
88086915
9133397
3298321
8345585
251798
483270
48012311
827649
821437
538570
46678
89636
325494
52489263
90070
61261761
2867128
67796168
24201446
84560425
349144
3872024
89690
129393
593366
31455
58453
31930807
92385
7360
40278
317268
16154
31114839
1813401
88074
2124543
8813852
719968
44538966
86802
79400
22108
62359
2928980
4082031
20905605
1529942
44009699
234150
8284710
2120857
28149402
7967097
22979
20935983
115506
78505085
25619984
4068090
44353447
69361
24434
1864662
7138386
29296972
2087010
757215
314507
98358996
26043509
68961957
49103590
29362
85412599
62961769
69758
758943
6426606
275437
8039812
7350791
11518758
6306738
904203
178626
11558893
87996
53695
32389570
3569
569270
27124
91980185
18803910
33494288
178252
6059492
93953
312998
3930295
52894
836390
39560459
57068428
3341099
3432007
52088
36681711
393197
36791
490966
24960073
8628103
88913
60173
73518
46945240
35391
603213
34460490
37677
95521039
72240
31282821
3259894
291726
11634604
80735833
5582291
40752851
9711398
407293
121393
22888554
27588
215519
162262
89872816
17745
508536
35308
83917521
33610
915606
8678681
1127663
9539687
4064713
784947
734048
947076
84076
5255737
945745
56320003
7849505
86816
53800194
889987
51904
258438
30429109
78303
73198000
48770011
8835268
915386
47654603
80489277
11217
44942945
883296
765066
943491
1350435
6318591
46518847
84483
9331675
35434
165413
52691048
24856
7676126
1707592
75341969
6930889
90332953
1069505
47860815
10292
724682
29340390
8577620
3812792
53070
885389
43465853
77147005
31575753
96579
17544403
59603
571384
527016
870923
26401617
580670
83840604
29365703
56819934
63527
17237008
4912621
106647
214
172823
64500854
13615909
6154234
428922
31067
4514437
41358
328399
56182
58838332
6337772
36750908
42904
151853
76236
62453308
368083
5068448
58086
6281782
68061
82138025
429546
4270592
89915786
854423
7746802
54193962
87199886
87148169
6154394
77218
70077954
76667148
88464149
5648675
389561
9063973
826035
29450
6586403
6442285
21471198
423
63115
1714411
48578
55356
217695
26903
967385
75315629
20675
8217210
2326273
69291984
955832
545668
73383932
44315886
98004072
70665776
870930
50589093
974008
53695442
57815792
96533
93735536
71545543
45401448
45386189
74063
241846
658598
79698154
48541
40876129
71564559
421753
970767
6774854
18897
78301367
828015
217882
64535
7854753
16322756
81086344
27406447
46464160
19524328
605912
349631
15641
650595
93024036
63647
24923149
9066616
63279582
906305
687714
89741042
63823493
82226
38371344
3326
844958
87276
9147248
35111318
91285
4230117
95212282
45260
8801816
89163
3359534
758272
813202
8616070
53882
62733
13720774
10266
581720
591246
38765
7231373
8474953
12167532
185693
44774
5102537
50634106
194321
9071675
43447285
69854914
49230316
8132921
519411
3272187
8943847
19098904
70850786
4546
7470482
39733160
898541
8546823
31509
61037
7013294
4131413
986165
673403
47099036
2434074
61435
88479183
38762262
210138
28401511
1326484
99122979
8002824
91663490
818180
59816522
69866
8052
56450146
431597
5704708
79406768
66604
45183591
506607
51792
520391
2116307
74477
382961
21512278
6793989
40906547
4836788
4105864
98303
4694970
843457
79599041
3300723
22028
110915
9022966
25479777
7915652
24441
91395046
222331
74808994
92715011
42279
417860
4057898
8990973
51607381
35572542
71934259
940360
63425
57290
812197
48918234
957337
18107324
45514583
6707992
69203161
418123
7131
6327507
37708244
10570
15116123
90393705
53781977
844396
9865278
60028
38505
24970957
57333240
48945
95480869
1343851
26098
4071171
61692845
751028
159523
899041
84036945
70721728
52412
8669284
583360
70569
38296
8276836
6886927
9641757
935702
917707
702717
6808897
5810352
395606
96711
73196108
74479642
56710
20016289
32290164
41529
4358098
89905
45804
89954211
83233
99280
87491496
108810
78945
1626212
7233375
2102797
71502808
156639
85162078
76498989
59585
19820153
26805
85047258
96136106
91303062
8534355
480445
2614616
345375
24449434
55488320
18809
38876733
65149582
59139
16338
25247558
3186139
70977055
89017
71322524
7216102
36020539
490780
68035
846196
90844455
1177200
18384128
47948249
48384217
9087837
2495
915716
62123732
3347027
43365
73326141
87580210
98197355
83217630
16825245
45809319
88091
843870
24448
73821
38564017
153684
89708
8674417
74302711
50087757
80798
56705
34215
9913812
5769487
5445858
12818276
69909377
734753
605882
58447
60572
20714163
789876
628845
5285109
4580170
1287201
32101782
63794015
13818
5930363
331137
17707
76132942
327433
66814
80004
87927
68964
2510243
40511126
657569
77573176
68438718
572698
9674
89289037
655712
48616
863817
8501089
67201208
99929
54539
861010
467509
12404909
835682
35824673
1504293
43202
2149084
32523960
20382763
2284014
88819122
39054521
773712
37316
96189
54699
55203
53047
16975473
22106
55639729
83195
773631
1556207
40706585
65570624
9501268
92087111
77606367
946491
711088
57026
8175975
37200136
95738669
93329
18425722
43445904
8408885
5321
680613
4641947
35802793
57986
5362763
11334555
95584593
15892943
54605
38654365
2525
1511762
812521
99891462
85763
3419878
102303
619269
17964
3591067
841405
59494992
9623643
77918
23685815
25862906
3721496
998642
201195
13648
93821347
50589
537030
91905
26089008
61322059
64786046
576619
67294682
46452906
75016867
4980182
96623149
3036477
62178
73637
61016
98224
54097
232906
34928
31991826
8953294
25059298
2048072
636473
260821
82130
849934
11645074
9021400
19146847
292284
88669
45873
84820598
42238562
47590315
91821824
1172424
95012
822437
6738
30980050
46136799
58192275
97107
40080
4598107
80735278
294032
4538675
921597
978826
5174468
54579
83903656
474829
51563
97209
7958478
34525
76992708
3732477
3705762
2122243
80656782
550035
32269087
49100342
9322068
558768
294886
479465
63223880
5263986
5610569
78499
28828021
17023
186595
57035
621886
40595
20625774
88782881
7855875
30822673
85774
21724270
174118
63735881
64435816
95027906
41258066
23623792
36227644
169296
54887303
83786
27501528
22216729
45224
81278751
487171
73697719
9581150
53104563
376149
43233269
87710781
5532877
1235528
8843977
52005
1801331
25464
45124595
2982105
9533772
42117490
246129
440727
80798
562725
15245875
437201
47225699
652266
47730
63501769
49968
757340
33051896
63200654
61316425
8485138
41205
7620846
15961259
9592195
522291
29574720
49793933
78089
1471
50440
68144692
97573031
53727
71592689
51218869
12980804
42315560
47736878
831775
1862192
70806
34987
6264
4887076
39129406
23374105
69238
552481
9975227
42183457
4968309
30413
99888343
682985
36878
79859779
178224
3187403
53887851
860399
5057186
38519
36400459
7907
39798
59783
4143182
58100
47206
5176008
74318381
81858412
314477
88386853
29972590
174225
2531811
93409049
2404886
5883165
214825
73607
15681
83706
20667
24646
3534564
86894315
53042406
40454
49742968
659493
4138615
761597
6553753
95674931
7526685
498491
48043
5931593
485595
82009442
285797
28409989
588006
7365612
53689
86247
12057046
3966803
498480
9607729
3957044
61732115
79501
4270068
67109484
159645
29135676
704873
7078182
81632073
7568991
639714
40460
34340
581982
7918641
5797581
8926585
53263228
6338554
36031
271100
43873
30955395
49272928
194706
59133055
8208983
4925295
80877437
77674
49910846
64106713
15277130
96916846
7670312
587871
24920473
80158529
5984140
1184036
8463957
667253
2236412
58569
48027659
8909108
1305051
5544789
46449285
7756
4529477
12033
5695
40099
79167
441805
8585023
149486
15507103
11051
98312
27254418
40244641
163376
1525725
7452784
33311335
2876358
522490
54729076
166750
7054624
30277935
91216
82936618
5153737
139583
75272147
335585
73496
94655276
21186139
3708977
23747
86437805
5830740
62352
460
27561752
5469194
34999560
3728734
77979164
6314498
8207556
844702
50397
796126
68080488
18848153
17415687
16720
87831
851841
7844393
3348797
731112
2075822
9524269
21233800
13405454
8543601
2338506
87641411
49025100
8508285
441877
674469
3005802
6582596
5989335
21897880
80575925
1626950
662048
82421
589490
1681786
73437068
197606
39101554
41361962
83309
68465595
49397
51510240
18004124
71269760
391487
75246
45078434
838960
81322
97971926
1983453
54595
1028
67992
768488
86742652
1340177
89099137
52400
519193
70203307
44298422
2508
4120
84993
35777
706183
46659412
35030
89745697
66923010
50536569
44216
45737563
43817816
95208
5361260
81840279
33685
18871377
248947
9500679
9876980
2583398
78339021
52621838
51174
70340672
89474459
58381178
63683
54125530
49487105
322003
41049856
47281624
55485
805904
573769
86357469
32312
95222
388031
3373332
24095872
27873599
32758118
780182
44907320
75032273
4400524
630089
23262
9603060
50022
90322
734060
259149
48433261
31464
49494201
92283719
45374825
155617
37860
89990
74663139
1708241
5897612
12626590
93631839
41950413
35305019
73988338
4030088
3983590
331517
63606
54055989
76247573
60502
20436906
58872
2634406
70719941
412349
39859286
79316760
5905195
35286665
6957568
176585
33054176
7295
45657370
32661
4781276
90611
102309
32809047
6189755
83007
20806
977245
40638985
4961460
3864548
192760
957751
76526047
25517
80858523
91630671
8606515
9918450
6526139
72101
156493
752661
244177
70450804
698922
703590
8221605
6290841
8017
130259
4389174
77864331
982927
5903504
29990180
93773
368878
38924
15940385
2460420
99599910
74107304
77928542
7248432
52969
6284605
20111
8791109
84813292
87867798
31557
879906
984083
899318
6737593
44231
325491
38781584
9326
811356
64141
39368532
20776349
322400
59160
64138190
68740035
69976765
69098052
283456
47119574
709562
78446743
7785902
5650470
89835417
925769
1507422
84822123
85080
566318
330590
60928482
78134379
31608395
8119156
1108016
47281
7011099
8639913
73765255
2391215
50036
20440201
43116
86595
24238070
92540105
8267591
73726554
44472187
33893577
207
88027849
2482610
16050904
18929
62899
14548
60213
1159438
50231
12039
582292
23810813
38920
6818615
54607310
72668094
72105760
76270251
99617
71793763
225448
14829
837502
8445
42091
85472
34611171
47891251
21821
97027758
88583
54256680
2458993
614361
7863694
39176005
3512595
21694012
6567335
82260954
733474
48235007
3743915
879896
233233
5957884
954297
287674
5213930
29637066
27995498
5002836
6499144
71229893
28966963
62748
692559
56590138
63672274
3579
545374
88829149
44260
952419
94702618
9396078
274
48606989
9863684
85607124
30407
3030225
190210
3589640
47816371
4371095
505884
14533772
92781691
3946985
27431235
22668437
23283042
63192876
31457927
99149147
77432649
72790
36314820
75167924
6912356
518705
182924
32613338
6801631
54444323
4016980
15420
43317
120945
88779
416557
631567
68211
99986203
34395163
68599370
87097
2143264
78602
67562
98665946
40972562
7030453
44232905
61169
99357
254678
32728719
501953
41387
24243805
33484
75866
11687
3140245
22552
714294
36205
329559
2533755
52282172
7647485
35141
8744763
43007251
42814360
1807348
2172
58281552
4621527
23175558
588986
61920
34264568
44169
595239
27909069
41519744
49384
8607959
727143
73433422
1362570
81363265
76808187
4029
71686601
16641693
76812989
23905080
58167512
216277
4646712
3209209
333826
65806715
449260
67254174
657399
905552
61893665
98003
265359
44168091
308925
98167
520060
41710960
57288741
769082
3764052
37879395
74576517
13977131
5022612
1689816
22243521
2136
22085966
34089923
77318
66876
2736695
84714235
3993112
1848323
8303558
1405469
24637
17188
97259878
75401270
64113220
41807931
15634970
3134461
1929965
77052
88337432
1699269
55959895
82225
204945
273380
358532
12961
43193
982163
392052
50835015
36727909
2765107
23958
4440122
38051
65270
15020991
59347333
9968737
77273967
16261447
3966708
61096019
21912
204047
53182
710325
6391629
52205395
68041182
17816350
94051
38031
62642599
14573601
917133
5051008
4871988
33770936
8431103
4352932
15428
46430448
689856
33353826
4681392
29671
144869
86414
4067081
88471
83890710
6434
38687881
34618178
2950913
13722692
616776
50648915
87996629
80123210
94032
6400462
51515
9863670
5444
72951437
425174
19803047
85214
937271
55341595
144117
63832962
37953972
2385066
53361586
33639
5823621
11286
703622
40451993
84047340
470338
937453
70023374
981527
81485862
2685154
3708974
52511
98296510
74040483
63153
895657
39542
5004830
3122422
61685739
43006
65136
6995179
120626
82909321
89026632
713
984721
38600095
61801755
681958
1138391
9565502
74325499
8396032
80975826
15075693
34677846
752790
14934114
53206
55338
24173
4664698
5419291
2921856
55419
926096
66081831
18550221
3080843
58459137
5051306
5376807
4526884
381318
97878088
5625217
51615425
8616497
4409088
68041752
5732940
16122515
71484
553512
5859932
391172
73005
587852
57215576
62051
24939
9066673
75046912
33141871
81995
95082
72443133
1254033
7825
8207226
36710
1367033
339111
751115
207443
52361628
39731201
77788057
62179
80218
286319
96761
29019293
52192287
83803197
7588662
58889
69289
72872392
747408
502294
309097
70956213
4325820
43545431
3421625
66856
56853828
98467
11532058
66761406
31956095
99183
95387048
42628200
259800
30911399
24469327
7995
22574753
1097109
80470
71488
458622
51620829
25397
668326
904738
88194829
7126565
43625985
77396
53196178
5930207
637195
46563120
44008
55934389
35604
39644670
2417
407482
509840
80343715
43845274
68382454
59370306
284426
92093016
971674
2820585
12328045
59663535
10889542
9328573
4597
64949160
4762429
95538614
98068
8253299
652751
432427
8591004
87372876
705756
464502
45789832
10391
20804
98746614
817323
8152173
63564261
5445234
56704509
84159
583692
173238
385339
10963
809568
8088631
82269
88958648
98240024
47551
3502649
4541602
54675497
97467
43210785
179935
9333650
43990214
70858
211734
85834693
3316122
658866
74638690
3676788
8792
14512672
11829294
90837
70640962
4359328
364815
40291242
97875895
343011
67285541
84963149
54660994
167934
1071866
34289099
27814
54652
34369717
82975491
740865
942879
775105
12264
51072991
53875
7469398
794312
7981438
68059142
68885
38765
2615444
63272910
40829902
291372
6554696
57893
66876232
42793720
30768531
8949667
4655895
954180
859582
433158
6126760
45922127
3175023
95794
59755830
323510
42010
296353
65443012
772632
19272442
1233
764647
786893
851107
85007901
410402
95410233
63776
67805319
1011362
3903608
71028
989658
64101779
2541542
485659
51414
8396718
40727843
58591277
7649
451253
6668411
285144
53576
61690
9903359
89291857
66449343
698937
510541
9648711
273801
55107047
97101543
627766
6300780
25354
97366144
98829
2775363
38779
34322
14780029
58331080
882861
86717466
82083
32082939
92711903
7611871
708762
44947915
50489189
84652
8765
45723575
73624082
815013
31441
29679
83834
260924
326848
741271
42041
69369040
171322
630775
4356709
4184530
29550009
83684880
101140
2383457
1651691
778851
319061
47285328
67601750
10080885
70128551
3196394
2421478
49762236
8367404
117654
6619440
170179
962894
25836101
65792941
26216
7976584
7626975
581474
84388199
2127117
3042807
410273
566702
439994
66757067
79942
2852
49125204
70761371
6522813
512517
46128621
190263
89821
8673895
333464
58057811
88419667
57802620
199876
744576
95328
58042
12559312
12292623
74237523
42952
5181271
68566470
734853
5461
2023162
98463742
97669364
76236
16015663
4597422
63232
86199177
518920
2310338
61973
86450
81437
84467
265146
43989
57027
74041833
95427021
84830135
47368330
8315468
372280
6446570
7917632
35080
3320827
337630
33699138
97635444
84024583
471399
1972456
140586
67598
3237616
98172
279517
1898912
73697486
99597629
462823
16442
5126757
791382
20138
42769246
78785828
82829714
798225
5966268
32899
9894471
10285
3120923
8049608
136040
9394
79265
76672328
68899
378671
2588837
5665932
541211
96701
81319
9174608
926932
63240
9390402
69367613
3403059
71486
7491549
65919292
433469
831604
66706014
35610633
530057
31774316
16450827
2005311
969788
9600510
28364370
22423
59648379
57136067
21200121
604553
10632
76218097
995043
43088
350
35824247
1083860
975924
3079331
2986105
302
6624145
15856
7359947
212132
4924007
44615674
878234
870342
8180847
912125
8899240
57761993
1425988
55318241
792309
159684
1666
99896
7449134
3497227
72677063
9043709
4790623
49823
69721372
94447993
37374113
280645
20904859
90523
47232373
84979912
83674
287665
37879394
284187
55124
859751
49992277
42088330
77227264
2517298
33114
76591
41274028
70819839
4231827
74480081
73118585
556671
29593
27201
34164
53686
238149
1078725
54523
5189
16424980
60487605
16733267
31517830
9846457
13908
234456
54435906
19736817
3253665
60102
59652011
615268
35244595
89268416
98722
30218010
44827903
542293
184796
74518234
4465376
761656
16914921
38375991
2929507
9463982
71141736
85198101
7066
21606
49692
23089254
45902473
81182
4877948
924294
13637
261301
15405
1723419
6703609
15034591
193954
44898430
49630
351648
47287246
36791427
90949291
98910095
93311289
85530757
988162
61364709
97183054
64879246
95153452
81247676
36995469
30860897
50156811
3605829
43772
14679296
27632832
474822
63406650
62461882
1506034
8939162
63891273
19773619
11300287
145466
185678
191448
95215
157292
34763
21581
190308
11093229
932960
72904
1027609
64887
92314
27502597
3541527
99048
837921
5125827
252146
57764739
45358210
771612
2234570
2955997
47241
39318721
57934
80238019
37839494
49681601
1142540
31034497
272484
19455
10255
95072415
85982602
9845
95441595
37948468
383255
22953755
78414757
45383
78201
24158289
13755
83571
49873744
277700
1570
60530838
48700
87034376
7778965
282189
11596597
20212557
46669
250764
382201
3310926
7056481
801567
179132
5927284
29814181
9097854
24720417
9992893
607666
71721933
25558315
59875556
43020
78907199
45316
43215466
33645
33835359
80372259
9707757
426946
72188128
25598
2181545
8030353
67457
983461
26132729
341278
71570
965318
6567794
63269
4985
8774391
27200
3872951
52594
6230447
680593
49760
881576
24155734
4634167
97650861
324295
5961513
4963644
85202
41167061
45284
5049
42825747
19037621
17280
51331419
53828412
83505
7642706
40289958
72468560
28963890
24411885
67775
46996057
25036
511046
88123862
3762170
717485
79507479
57446
63905
34196929
53686428
59002
538575
28814
12728
9670077
79729
12379948
81151399
18477900
834280
16243120
851868
57929
6305737
252110
82966423
24383
33900992
516957
41098
58299518
284483
299652
6553835
53361566
98017
780694
184661
4117350
24484809
8389591
56006989
904
23187
92062699
75371807
3639
61650907
21792
7588688
4720579
4132270
25544577
62044503
23710468
62221
1316454
386071
610391
5175091
3427562
56222154
85687
2108661
35023538
178077
26177
51655000
398015
7745972
8332887
3479151
19046
3984386
114221
88075817
82095347
95440559
630522
788646
6126720
57272756
74066
38139962
8384297
39875166
7856172
48639
9330391
3279154
171082
59818608
98510367
105502
45668799
321964
69024326
86599159
9568303
37268
6208799
1782576
55539
9288869
238120
5390800
6658
397139
205493
50323
8442312
2428261
7085638
99635522
36213
69382640
33547
38463
71472268
263833
75606892
8489725
28967070
23774998
16983290
11217
12344118
83006
79867
3849442
21895237
32106219
7410127
5700546
8362795
980803
1670013
1001655
72491867
15628
3762676
366107
9165233
98737422
43430270
531736
2558091
30765
35953380
326585
675159
589946
3120157
92081
24506
439387
78830135
67062483
76785660
81389336
947159
38268
80954
8526640
30058677
692644
5213623
7245549
7740416
66029709
656760
769142
27156
3203238
395845
65003114
2846972
651754
2917
980903
11330532
70718342
27120041
8884
3438419
5960841
128596
353605
735979
69824570
28350174
5654785
72290688
8748520
687934
21432821
40088126
8956565
12734435
351999
984559
17814
301875
45051
33785127
745711
771173
59184445
8214544
94726
61975849
31603628
503131
1741706
4180
222944
45899
8253264
32523912
66347488
5498138
740172
95342386
93458
2253320
36412495
11128
44401543
79589718
41775266
30619
518783
57156
66217
4912870
6821871
503046
728905
53664640
24612
84476713
72905
35057506
88603004
9134582
34437
34548134
2704974
67235
2982372
19445
30281
942838
464563
9322226
29530074
86764108
4497
98848733
86843868
94360456
96761578
97541042
86530
8296636
14115
6099024
5322730
2266344
782411
66169355
94840124
27097591
85590341
38510745
64479977
106937
17716140
95597987
677780
273573
16287
8245120
5127064
85985523
44215284
21929812
61448
48746695
93801
9247704
27737
59816606
261773
557310
63809
98008245
8306535
18590134
10084384
585863
47201798
5147222
67016701
4868805
3219212
44825938
8314784
854035
188124
41118305
765376
44143795
78477
1096781
264209
5253650
4376923
45240726
29676
72217196
78662
356813
762514
69063616
11143407
8370
49141518
73545322
400922
54497878
231792
12481618
198057
5941916
18072613
45373
48868465
387829
60031
55325130
8313113
15740
2791503
62050893
27769857
38013
23545279
38129942
77326405
60216
62327
65967
95746471
746717
93359
100726
467751
67864523
5901941
793162
1494
14567735
56041047
6285829
91041611
60900204
153736
68890122
31575023
905070
48591
8993039
75507644
20952
287144
35953215
63900253
55365
56447521
9202574
46599457
51638902
618531
88221268
607658
14966712
29894921
359186
87799324
20208515
9087706
5127544
30854760
9264
63813698
7752
77866271
41978397
98849321
257912
148285
4370226
62244488
93965094
4084124
498097
56069818
70091162
4843810
88317288
7840579
69515
37838853
41649
33882456
398771
325906
394719
96635111
63684021
924374
74374
46295592
18524
46036460
927423
3506961
80382
70423
62805394
40496311
7335515
25482151
290605
50319672
69028367
52048860
1276
20906128
830402
904165
41128861
10292429
35936
609792
71302300
85476
436334
9418305
18384796
23032147
47615040
810357
37742989
53507
79579542
51206817
85269819
4893821
9062275
54385530
434609
52137
47609271
3734309
92836
78411
37781016
56352
7258420
5487963
6136700
4390636
5131414
50823798
49273
45643923
47346370
72868713
5189272
91614086
80025022
5998732
546301
81938113
15851918
614716
97923098
30203
76572006
94259438
2958315
37009723
55937
979799
8619
19684
81198446
6027
9691025
14296
48384
47818933
10244153
89705160
22237427
717264
26258
56089870
66019439
6842439
6727449
17412879
91699
88048361
8373
487538
768827
88074
47547854
6099963
326542
66415
93754
3682885
99393065
763400
5893281
4362614
11678659
383992
22291
21640
611038
5204356
9353605
45106
9680143
479263
88839634
407463
978314
96201642
97752164
89256249
494914
829027
7560312
578054
41503390
4085388
32726538
33556004
92767424
531259
41977
7866929
910776
29737571
276240
24760035
5067855
83457590
50316599
146082
96152
4635918
57610813
22379021
35605478
47695
88773
230196
52883911
86232416
55783381
76780433
61202
74743
37486381
5066770
8250508
98574
24063537
1512
68053904
57525
22482
4821420
68505542
246160
14036253
548889
8689354
730742
88603917
2129130
967508
33331
20790
7465579
19675186
6615208
27335412
468195
981052
1807927
64102
16257358
32847801
74192719
14456
556530
6281380
880087
558284
840458
132024
969544
23942747
33285726
329101
358236
955992
91343683
792636
30837
85764333
68872
663270
96897
8905921
44326875
973800
8124561
437744
3058532
16280446
34226
25196037
60680
2149953
273952
15028881
8514754
22882
69717144
26625755
17720
78797811
54446528
2715891
3159776
755862
12697
165821
4215603
82162359
9529241
59556697
753481
622358
10729187
3016
9103974
381839
66873191
53586521
37668
14643
2575472
60462
388110
35920467
72363138
45808
197700
686776
90806
87218
259533
25129
96367713
895598
7815091
50916
8843913
833969
580000
85550591
13126634
61128824
1718862
31186384
3178524
965897
40470
39830838
509246
7671
38470697
7933188
87709739
902120
4312375
1066
49986510
19573
39754816
5054382
7306565
59481877
605969
51174219
9038
847252
39162
9298926
31567
48569
37874
30549
19322
70715161
469453
21095165
25242701
2967416
319012
8254959
472699
48988
54041524
545674
369569
73441290
76977545
5147856
1613320
72679226
46739
74114845
97933
12991178
97843964
60086
458410
2998774
43527229
3400375
21495
5315235
87112079
89502081
712180
488808
501373
760443
39405935
5005821
92695823
14174447
97766
75711812
1451967
56319492
38351960
4869
79354
628695
19713
16082449
50942683
2551384
52181452
661788
69453076
80404
141694
58530796
58377
18137975
10992440
42427
28913
28475340
40085397
26315
64998
82694438
7681464
30035198
98219
94390351
99894932
879693
84237861
792973
765972
16587157
7222529
4033661
5796985
36965792
2295195
308958
960031
391841
61560
84819
95897723
2227144
792188
80983397
66128
18307150
52618947
72175467
1073829
86563
809354
8758376
42083677
60528487
5811531
47402
8571380
97320572
83938355
99588
8382848
42078129
14525092
400145
8827928
47189380
90581717
38498882
969296
55332985
14500670
505258
12081516
7990961
47515662
9367199
70377935
7366303
544495
3133010
4877272
99440761
659802
330193
59574534
29564232
485761
405409
589924
2965
8758017
24086169
346413
911273
5872827
31675
25069030
45516858
9072906
93561
75710
60673337
32168497
57869731
8979405
44756124
4592315
39913211
9343227
3619992
27075935
43963092
25636694
605190
2300528
47122510
89996
35811660
32463809
647593
50603100
88645536
878158
619411
28700
79163404
3323100
44114311
564248
7031563
704528
38509341
29281530
97012939
81553
39804347
6247062
4461575
46473829
72368
80829
5974106
81778652
8979803
912022
46360
844678
30511392
70968035
7402650
28463
367828
8939398
37475180
20837
92448572
54478
835420
391399
32421322
66117394
5971540
76750250
644701
769247
355821
764114
9537419
44543247
22252420
31175
272445
58330240
35030
82612
4416579
86653
95034489
4941669
1152690
54816175
49446
80335
831860
10214163
60168
564916
62387491
6917611
959566
196355
2039566
19885
10410222
3620795
8696486
464800
26919
53253545
9912576
98860
18363582
36130
61625177
936494
677120
4254120
77783756
34661678
1723224
1674190
11033
89379953
26340929
61233699
55289676
39260088
26945956
203914
86761607
4884671
43512
90335
71694037
410731
9454609
51634702
23347133
27013083
7804986
84241806
481607
703141
260741
6396108
933013
34457
74024
71957615
64409395
53225
6079565
4167422
30292864
8262546
66208364
62116248
1929759
323741
903042
72585921
5785855
89938641
99144
66524
20431288
5855218
60122
7175403
947046
3360913
55041322
76565019
10387
24036
761639
55506
30880637
44897
8237048
85729144
745655
81761
98224608
836654
7091001
6738342
89544771
77640
780434
46120105
619176
6486049
30364
61872
728775
73883398
6215056
456445
55041
76372
84763619
689935
336799
5059205
19738916
96664
51167
6575967
978603
17510017
78199597
18151561
39655
337652
609236
313476
128675
6627481
2514938
957823
610783
96201446
2827117
59049458
97400743
379561
92727
76125919
91597734
13932054
589436
89370
20939
50696910
59753429
37004
8355185
6895068
46021276
66352072
88231574
64724060
4564947
17618022
545949
3299641
59495385
486714
30381427
6342159
395178
5651472
120303
49373
20532
3321250
50128047
55328614
89241613
667128
442398
88478
3455094
20713414
2805244
36413
61765111
20329
86034173
12041808
715373
28736
691190
12428
3132695
29691
54178112
89186
46377379
38050297
79931276
75848
850131
78891
15700818
35444317
6181781
31844728
46524764
52170
516446
742481
55325374
46872816
47080
30638877
94263
84658224
861532
22184170
85293
93992
329149
5884386
94552589
44065617
3901648
74520727
228753
54226280
73888
8346940
97147898
3116340
513456
62620267
1851587
588396
64530546
30801693
69945
3201264
36118880
32872165
987870
501025
4555746
33298
5292418
530248
78888582
843757
92333
44316
65592
6143080
42372860
33691006
9192291
8859225
52603
5360210
584433
56070033
791350
938903
2795580
922061
11211894
87994391
3990565
56416758
97698854
5055307
53786192
59923
69106384
799753
67300082
74470292
700301
95519
20662538
180457
116639
67819385
8138066
22246
27421019
93419340
59428
546716
86120112
66746367
36508091
4706394
97511896
39140768
33377
73329
514082
12439
88493832
19563019
520453
80484401
20577807
2149067
84181
484049
686785
747451
24517972
50312857
6240962
74181
32217
771148
20252
4125513
69245
24355
60260373
17941590
94009
6913427
416261
998681
163182
42265155
44495709
84932
8609180
75367
70382
3620796
4223783
80584
66993112
37731101
712743
12752707
63585
6537056
20522
806404
5407666
1321858
95473575
94445286
58244
35510225
6740377
9920539
64060200
62548
57204
92350300
54628079
107133
6075
307007
43141905
89956363
80388
639888
5763227
87468795
6374791
14566068
5848712
5568624
10752
29866056
986555
951281
16384
74081472
941349
83817407
1385974
65846
5680915
523053
6170868
60286484
93515
2472094
78219286
805314
55950626
43396
56670
2803065
65795564
19100666
8599320
24775
30390938
4986289
320816
31959572
498197
15813582
22977
40941
22559536
97229
198159
579887
49468
335189
639529
8278
41619
39505
840332
57408339
765778
77152308
278168
50168
45688807
8941810
961885
34167
27888439
4020086
50090537
1415391
4674263
745474
66026397
8686719
7560791
6126
4668569
9253363
4389
8252
824545
26978889
32829914
311637
49228
25673
17007182
38236324
736833
67824
443445
3407385
80348156
493929
6963861
83815414
14508849
447490
22745871
14817714
3203663
2238416
85108248
18353311
863763
39936
906586
60697952
52374155
72852
75894685
946964
28665343
54979
8414092
9799606
66611257
954634
4219401
64477
611086
70241
52268699
6741057
7250416
1370842
23257
544178
90755563
13337467
95683056
329820
39759
428416
5700652
3716766
230953
4140588
317174
89080
59333647
32544805
1140
33087818
1753195
21521
48947246
77046010
939721
84695609
330283
42592645
84761789
773112
71780
52939207
72600
68763462
21458
944187
72745
697740
48468351
3718990
675272
76875
98495
556192
68078
47853858
59278
80934577
86997408
9070969
28860234
34231231
3181254
4847011
56564
71864889
8735484
51267203
45298412
1160333
6878430
8327013
89165
972850
452653
40946169
844206
438989
27430
2007728
29601
57102263
46976273
21130205
7348708
4120664
57953
226598
87346206
7151776
86272463
433367
38535446
32990223
4362870
13603838
52534907
430893
31275729
14906938
251446
28184836
3715417
29744
2581045
40884
7622103
134427
282913
789813
29479029
14193
38056
61137
3150359
48581
21744122
56078679
5734015
6135990
77687725
616839
588776
74867060
37762079
47494728
779032
719249
79752
39746881
7984391
48364354
48732
49189294
464419
25207136
808568
33718
71134
93797
936998
656910
18712
37465234
14397
240679
5197067
9000451
577676
21945671
8571860
10210305
78465435
39844
386
45650354
498944
460724
66104945
6548368
61261401
91091726
4441471
58409
78376576
117064
7990708
56692989
12546
68682
32658
525142
9239912
57397869
29104573
23522750
16221
20419
505392
21831
425006
46215
35661032
3322469
568141
58556982
92689288
26638883
38492159
99292509
17734
19595
761680
76210776
14054
16591711
50638
12657596
152963
59529657
56926
9987728
478172
25816
49781
519586
6859087
664124
9124653
627888
5423427
461473
19087100
88175228
352996
5843475
18815261
71261
66477744
33172325
89890
68553161
45640482
97776314
99894369
6638976
5524798
4769557
52393542
63894054
72806195
1829
264213
14461
849371
5033107
88628
77732992
58497659
21798
987265
13808439
57758571
60190292
82781
9211
9089737
17143678
182529
768276
3121398
92705351
7625193
94330670
6022417
50613136
3574983
58624077
3330328
3702203
90616830
57545790
43002514
855315
1060918
57400639
53349178
47540723
37614
15623
423891
2596895
52322
496605
45284
5627
4341506
10243522
8641284
4039788
9463203
82347430
166238
521262
22429
59831262
67922684
25969423
10916331
501999
5057919
40946
9777465
906808
477172
20816856
908576
30453
92986
747871
253435
9255373
5833041
15242
4077741
6226689
499154
40164
24592050
617446
19281599
965480
81912176
48813
72786704
98689441
27740950
8244461
89994
32795
961102
98093822
703551
71251
65119532
65815668
90663752
81098844
39886162
86888090
60932319
814445
69616646
59134541
8680237
520226
960822
69204
7177798
3738775
2838515
36499365
65280967
63078317
313371
81528
9608626
39211
42378117
877837
38232837
23294
234582
78491
503933
61690062
51259153
8313743
78145943
6397225
6951433
33380322
9273730
4081659
1046949
33362
757041
2969785
953697
8597258
82228948
68997
29646442
79497956
964461
153510
620129
60993537
559451
631829
1404127
5742469
37914405
4916701
138660
7661166
267645
46325851
41587820
5172936
29675
7325910
51876999
151918
96358915
9643435
313177
15872882
1868
640233
25124150
9343371
84405
78368285
8053
525860
6331118
96341842
12118
67137
15192
204208
29395807
159483
475775
417701
22864119
61948984
68141
49866
92443
8487707
5491183
36579837
6212
11366
22086753
2881181
318216
5582080
616528
10769979
3750028
55275387
4363282
5788
315143
795340
247043
77646080
2689
5582053
771909
436553
4861606
6020
5423
5562727
7613735
39033942
1571186
62450
856746
5363209
9236902
400123
10247220
226609
25735626
6987755
856839
8661949
4489608
27418339
2874239
984854
58852138
22021783
24132
64977
56475
67161932
54117146
30261361
20293417
49654
5040722
79754
202272
4764672
2509624
354600
3882395
37991583
6813367
68745614
43211845
69534
196360
74551
132672
9476867
4609285
12775
2468971
390664
74719
420261
85921582
40579641
69654326
906632
67901
728069
6402907
6338666
39448958
71891493
737803
11644
951870
76538598
7269239
17526
77402
6256993
14717229
714397
539909
25547
99673
5289749
791153
19505507
69568298
86528097
32675336
36090030
39335849
38897
98457201
265857
62818574
624980
36573120
8412927
59459
685755
98234
6261408
38806
509934
29485
44083
98067340
6729631
13271835
50306486
95946755
65145140
40617526
700559
10768
70317663
24001798
98989
5977955
92688
32187
8773399
23063654
37745400
661546
46297239
2086867
30664172
211489
92661
45520686
97259919
154147
27722
707946
983205
884190
92754015
77569529
36423301
81687911
21987663
1862
28161
52653680
52902677
70520082
35006041
361224
844933
12785
810086
6658698
7376681
45074350
62345281
401013
34124
2294785
10360155
20071961
68304
72520966
88598899
73223
31778
6560124
22585718
11378244
28762
800305
5874293
5417008
73368548
93758029
76785984
941030
44153214
22727622
91836426
5680653
80884984
6248
80450
45735323
96552133
983283
22622652
93776190
52388606
5500245
35005197
65227869
36757362
41624225
3579715
20794
2664815
4866628
55951304
55294909
963180
42389
64918888
64724
425665
13222947
4967910
52650438
46461
62741
4323200
1521274
99792
71410
1587313
38109419
86524
6995479
244118
75655529
25918
75105724
3810856
27129338
5736165
43694749
9000347
76750165
642676
45527
28642
84238
339942
681671
43332
25060091
9097004
941984
63717824
75967258
64237
53893087
29303
89694293
85181
894529
9332610
9603794
4206
318298
455491
8508296
420588
85502
2199650
4759450
75673416
98920
496936
13301
93152425
102016
23517254
81802181
50806383
678042
634199
30416746
49392
3151945
17715
83247685
89974541
77119641
82889497
52366
25988
81
38599
21234773
4514129
979024
4442319
29266691
18839280
35605
52632957
24168
85237469
9585
12588425
3938477
4178877
8559206
1709471
25510186
38978355
86678
78288024
55774819
53346
855090
571848
93166745
48517745
502092
69473
794521
45401065
6944234
319553
84818
1788734
150628
907522
6653233
17692
8143080
820581
47477
29918356
3264
73639468
6842093
4091685
1285928
583346
15487
78601743
76462
9713035
9830
8051397
7807380
45449
44831
29362314
9287213
772566
794350
5533243
21880453
380596
3412343
69964
49621
54541
167084
65540
2974323
553187
30079210
47842963
528495
504125
631821
7882919
21322414
73630736
50569826
1133629
93264172
3363337
77715003
63883
81737
99622150
44519
33736954
80364095
55745548
35669672
253330
850277
89805
787511
23789003
95808
233318
384240
5882537
387791
70409378
9671536
909286
78294
56230
7712262
10369061
64337
73100
27702
99865897
866379
80890741
82681
65528386
860990
531172
87903
61830
12153
9245285
823483
614934
29685
85832505
411058
625893
98704630
10050
102923
93482
556844
88697326
42821845
21101354
49746231
4020359
38277
566439
16263458
56317455
34771916
5891764
24144407
94257109
7500887
82233940
2129464
7551390
47847023
1225312
9058828
62064143
4221715
7342856
80300772
5575915
825184
74588197
91950330
91872
26204
65447
9346458
68418
603410
8932396
31093663
93993091
22807097
458137
264190
52998905
95630643
22245
793509
86272
796573
83435904
11230881
323053
521534
40935200
839442
25817109
93781631
12662473
63737981
29965
55402500
637569
83729855
856713
546629
40662469
59922720
99192719
4903362
22086
73577805
75472243
68812760
78570
40709736
93765968
466
70791095
2775766
1192
7171550
33216
97769
71269
62809437
29361179
90679294
37240
28302911
85794
8042
3131455
9268071
43877
30119
71583
2376351
78805
94176285
32780973
31032
7945306
129313
63754007
650675
37381
97972940
84790
84650937
624814
67517032
72022
78042697
523056
88296435
35294
46454
18050244
568500
11748
3501507
53222893
73000514
51258422
40332
17386580
89854458
62528747
67651
1466053
552548
691022
94094
9423486
7764925
40551185
3810
260000
419935
947101
34547559
7831455
73648712
17555779
864114
13749142
8067760
65849
45320070
9817909
67017
1669479
9412024
15883865
877433
665264
9061398
568350
9947765
2657952
1252974
72290022
9899529
23133276
269364
43772
30339860
54983946
2333185
4542653
803629
60919509
7666340
163851
67088
54336192
58097130
11426521
44525626
62341787
142351
75977694
99444543
3774489
19483
678898
29863
20973751
16574066
190266
22270
57979130
82969
4233152
26533
40880262
173585
351570
343256
6006403
63300
54862405
7623263
200219
50020
39492
65902
9650587
700247
270412
1250803
97830149
32080716
87501697
806697
8404899
655097
62048911
20572694
432967
44268238
76290
410982
7127775
978501
94652
59435434
462170
5833773
207368
69752556
12960652
98037372
9532611
95198961
26706385
42281123
445036
33000
47832463
73592848
255286
89979
83048
91082
65930
191955
84533526
190458
24098512
37452939
40893
712822
95021330
78015
47207273
2447856
19486080
65144546
28785569
857371
41296991
78366260
83199874
83874777
34417644
207839
694855
91462
11372272
13627
67294119
56433
9496163
53629
823631
743761
846639
9184085
8998364
90177122
96446392
9263
3806194
97277966
435199
2259695
9900253
89770624
4934279
7380
5728858
21025
588454
15458157
84803
53354309
377470
74694938
35388
46331
80311775
24095993
60707
740399
73460
6762663
15586688
34236
35572607
61817
13659449
39515
7802775
91752284
50607
246632
2251424
1752655
4107635
188475
89198848
5946113
755620
579130
5613443
212031
77563979
2343813
65168
1488919
79699846
4220622
19493971
44981634
93555626
62013640
47800249
47936
81329048
946643
45254509
49992
198124
278295
8937679
6264842
8394826
8762764
30469
114377
473919
95840732
5145398
396810
8485365
8218679
80315431
89683
58326562
1609938
9194363
4667285
3687831
538197
80175851
5671970
79169
91041488
26666
176516
19170993
932206
14977
1763415
61209
59956
2681985
998656
9357894
99071572
8244896
16314
53417363
93315600
66315070
30368518
974934
358170
90164798
448893
70233
73142
40025086
25852
807628
79162
98259
51976
25038589
77737830
4640078
9986107
41126420
4686479
25978
10146277
27963375
3204320
552525
71864
82981
8718584
875877
43121
52824715
997
200793
59531809
5628
97983296
82457584
38435609
348758
1856891
6843550
7725367
95117347
48387430
817920
26185089
85061245
55503
876211
27838400
93284
4513901
52851423
565145
38131
658599
374156
523322
4307207
7681446
26234310
498190
43997883
98194
40675848
427605
21401
5025263
950334
83102
28837
83258
9680363
72355187
3841616
23016859
753919
75605905
18270697
1627735
13339047
7189134
3250458
26830879
353576
794281
278912
54651063
494950
3117400
42838753
53969234
44100673
36623
63601259
9004532
2736359
59968
101710
253367
9658941
41544551
49275
51545866
16051
38392
52938736
19484
64678503
71057
5318
69783
729363
7449273
5673479
81691
85062
34227122
20642668
17008
263892
3714601
368669
9519704
7579088
190146
8869450
782822
39733420
6980266
714492
80579
24886632
59896932
318757
68212309
81669737
25714674
26733756
932254
3095036
2650066
8940946
40186
92156849
405918
8426647
498119
3974673
811255
8785483
2595092
1492288
13156377
60558
564961
14946
1681
62412
8684726
1487914
81017693
9230382
23640
3947827
9250939
15716826
61674165
2537452
6051947
12233130
89746229
706689
51497
808052
66380
35512782
46635977
86087
1228563
46470086
5266338
83820077
38697
52410
15862
554877
67911
860400
1307966
38887999
16343300
31883
1795344
721090
49910994
8427131
74205253
21105005
481865
2038012
27337
98933
37556078
9680
25116214
547747
397273
94395
57543
95548099
76102340
43509
13132
166391
25999522
40078419
71698813
3691236
98528
12013950
29067769
7741583
57794703
98742004
9312902
76927
7052
78742494
92857358
23761302
90401312
54874444
26990626
32456
806849
8926484
15686
902623
726724
686616
66087
93799926
4998873
49931
459702
98377
569157
73730
149858
67260952
22980986
64505452
54595570
42550651
7021686
3225363
255645
13477915
73731
3717564
2953892
13619017
58619254
76852820
80331312
545587
5336379
34432
78549
7795946
58367
22564081
70419062
400090
2639607
85749242
72649351
14797883
32898
50778
96189319
58886
95393520
77656976
96730504
94944
40291682
1436636
56129476
54955
1531161
340134
45476038
8613155
913987
2197881
4212412
4069005
921571
75354714
906561
30475060
140128
510149
11449
19976288
454731
58783077
27150
1694489
78964353
383246
57037052
385896
81197023
32953323
9115705
3146713
2121488
25735
28233816
492076
788958
58870
77936968
99121255
9477602
320876
3207952
67387
35609378
681080
8483685
85312928
998561
66084
8864186
8489293
36168
278622
3474004
58400661
203458
6536134
48296902
43063
4368994
83069685
928002
22765013
60312
370631
887008
7650864
8318584
59667672
62241
37292227
83856952
92838
88904
86829
820747
3152470
29598825
33954901
74258741
9775075
967687
17166
89373298
2536715
30946216
9667874
24586
67774136
43879284
906923
234450
66380770
18247558
49898808
6275709
9557183
52410244
5895223
85204
2271969
7219910
43395
42523
47227271
875709
30933214
23718
93160565
54908
287799
736396
3994524
89032
18900098
56987866
75486742
24183605
88690930
93046566
83659365
5162780
803418
12590541
35300035
599263
805587
69977030
44504211
58667428
78006292
73701
51860
3633821
9942
98430427
77442937
969093
172096
450667
598016
8785054
414425
9597302
72558358
235934
8865403
24395
79767104
830018
812961
900728
47370400
63534798
67105875
3120816
39910957
78610126
99618617
23447
73235
287188
82396793
6642956
57700800
9968935
8716446
14492547
40267
400904
3212926
35179632
860560
4748399
667169
198744
11071304
8755070
57291341
3327981
23059059
768907
89322
4550034
500815
78209421
84080203
404705
85056587
4095587
57190590
46878
8563539
4672790
5908428
98837857
946869
7335
2916354
27093981
30389280
20192811
43667957
60535775
48211994
9319328
63432
17946014
2838407
81490136
32947153
73281010
748199
6410508
431296
50148304
91580
78831989
1795127
567425
2079958
5534728
30532
701538
1061373
68641
9125
69660
53325741
63318957
1886533
493098
57905
5652424
10561885
4643871
23719471
92708212
96590
44076
77015
8878272
5931032
47855
63184
9340454
32839
177489
3086975
1839110
44047466
134849
4287803
68490749
8005381
312386
72831357
654456
45064
7923794
92228
46979939
89249528
31323891
408469
19622
20151868
4055
482019
5518330
39561
75083606
68595
76424259
84528402
101898
88529848
3539623
95180373
273194
74550090
79112233
84482
54550
519508
29329526
5093121
180381
1956649
105712
57658292
104862
595185
38759
24654529
700147
51006318
67468048
13942
70724134
6408255
32524
486363
16601
5179685
170400
88533990
7198526
85551134
77463
3404894
31917778
27419
3646886
30008589
3650264
67566037
793276
6346077
6794492
156058
66436634
32026
11580747
3794991
6240634
54643593
71882398
953335
96397
68833645
1220805
6974249
339492
79680791
12071
69861819
46744144
3993925
61068948
3859970
969762
2881129
88626631
171313
99277437
76126521
5705535
152504
83354688
249459
249989
11985301
94642
93096057
85995568
411252
25430218
718643
2146
64057245
97950778
288576
555802
98085979
16652899
9836567
2743890
65433604
8508430
9971990
51062158
79611307
3879101
77405650
775028
16466871
30206270
23738251
77191975
90268559
199096
164144
3994787
5905549
78684236
93817
1001691
52943277
3180168
89758688
46894715
2235371
17830
51624288
93850
7962546
28891
3711
920361
597187
385661
16817635
7174788
7304186
23976083
13755073
20119930
71273
349849
710258
997168
12665956
23227874
438444
784470
7222574
531047
12792926
42978274
414723
2646369
89561
4180428
5157862
9383315
83157
910464
5153793
55028900
21429
30762
145711
565296
74979419
20728249
35572
53803476
75445810
83744282
7077682
42731
7546446
31448773
1895028
734114
87266064
4490501
337933
88094083
26833794
42580172
256119
9750
13825085
5273780
32347388
564346
7161
83114
97989845
9961224
24017
40053537
7177657
950605
52497613
56860986
39677804
274194
81780484
28908915
7043331
45006766
235264
751649
7197103
1715795
213845
55825836
35343055
74881439
41951
37414088
470504
9882679
128892
7809040
345674
27878
14800038
65151845
5982083
49387076
71977771
34508488
97884
11326496
8977703
1180545
963256
145410
331889
949838
63715
94242207
30303525
26102
69040
210591
39348067
25709
2971693
454092
98493611
46907523
5611389
880769
6735356
36392801
61340342
87340386
10263718
6866490
62941724
55604
73376188
55776427
45451738
8083012
95124408
47227843
6662053
2458264
14810619
2292
3618075
5179091
376855
90848
1067204
25895734
96887713
27801487
88263874
147010
4223194
89759319
651154
49035685
908701
183491
7565695
158820
60786259
72860249
5015300
19291735
95716013
251731
16252
62098054
869673
75463
66632
365685
99664
7834510
349076
1633810
57398787
6472903
203721
32626856
516335
29524
61387
49410846
31187
7877985
40928994
5237835
99318852
25510
78872244
41332239
199417
695709
37705005
973901
2640743
14435042
52487561
61817270
572220
746149
2795
6722139
46737443
57641870
820845
59799822
18865454
756722
742101
561649
79631
33404922
7436984
53439
28408471
8264343
73900918
404033
44929
11134097
3582780
21758798
83250472
785859
66616
96328653
899764
8709969
2404003
840041
9984325
36529320
6577185
215439
745058
9093906
645114
52964758
26943580
96916416
1384041
965936
3172881
3548135
39046053
54004867
90081
33285868
87045381
3876388
41535
21654
4903671
1791789
47274477
30261
619993
9866941
31351107
9292954
22971773
79806
86995
43799654
150531
662
766189
79849784
18649
5533157
9200135
8668382
903877
8930461
86238048
4332310
61681003
910491
63022216
8799509
750241
60010871
70664
61237705
65941713
18233
395863
37719312
681302
6306927
3312678
89318
86914392
34517568
814384
470539
35793950
93334
53932218
1933963
80062107
22644
9100740
122203
99408
80942
43583649
745762
1002730
31354069
38612
86995182
23504569
224146
32965493
818945
53856
9451
3818049
25422537
36563
7565853
93883401
667471
391378
533114
285831
8361608
75081982
207648
600717
45200116
8219406
24701638
39886
76822633
340470
22630542
782309
23380245
906920
35455
67717
625653
52553
6676080
671307
58964940
18250
91551225
3089491
91185
27044
453823
69074519
87474898
5029099
7358
7240855
167241
21851
68697340
7243
37875692
808427
201308
40692362
41107564
2763269
77761
6118486
301459
33446599
499061
7297054
8677839
924803
18766
18803860
96391079
88290185
4344255
2786344
7944974
85070314
7249127
4410961
24031
52070921
536935
165956
7839507
36248336
28606
98907
27056900
71473
1638591
39950
48718860
7997689
40682
450529
8826629
15715737
845915
641062
32233
69097
7101216
7492396
26671927
763543
4570439
420671
520458
239866
7695541
27060829
30003354
5320131
98044573
71293553
253355
162792
56407
428711
67682
3650557
6580520
214982
23386
2746374
60334
8789874
8260355
65659993
1865397
57988845
521579
14076417
88363
429540
1471381
80301211
326110
58236683
670759
8532238
409716
186229
26035026
13137260
63176
592718
860877
12073940
26752188
134541
9520710
26621630
69044731
46540979
27798970
81874058
38203296
35828
78081922
94712529
8654476
50806
18455
4155790
97269181
2054061
9278067
86795
84933110
175882
87749884
2509513
525299
834669
83362267
217859
73393381
663275
85366008
154760
777221
955948
68928
32555765
40297240
61299227
65685
60907582
9388424
54386
6833092
28077547
59479
25220471
171495
771462
8302
9499852
82273
94654263
38027264
99198
784503
52623140
82806691
83435
52483208
357526
79467
8529854
2916088
5583685
652595
43880768
25497746
537661
26733
75519155
661294
9381
99606
8824972
79798
81094
336984
90822771
5740491
56523285
63763
6895075
33997
4768830
1437409
759409
66719472
518892
82550293
54687
385663
80832286
60676451
75276959
67119378
48278805
964258
93713830
37588969
84464150
8008448
65464
37582219
385438
98288128
83725164
71327386
93195904
418919
12252875
120322
61290
67909097
9238
55913
17250529
638136
75355937
459603
9655338
34006098
400089
5496
76635832
36700
881295
803332
982193
50833713
928803
322719
27719
17567181
4235812
4869
6778443
7350665
233852
11128794
12094553
28758872
840202
5565797
635680
34930439
8704271
37809
93049755
839430
45042927
239563
71034
33216406
177258
63097
25585085
847880
42400345
336347
5519816
34662827
98941
89523315
15200758
8260
540476
41046300
18161898
20653579
6033404
885927
49012
42489272
6525715
26187
78165084
5933639
42085043
2775173
42813
7885213
33394
846187
276514
86057072
700015
86612
42292
84321
337617
47113
68121875
330270
18931
31147
69151
6425083
71366059
32986196
449846
3474830
24693791
3570252
98504744
33877078
1217545
4732
80431096
64442
81941
236640
84537
51558
95962
11076991
2569224
5431867
90325323
57214110
15899277
72697169
429952
2254910
3008143
47376794
14330039
9063944
2187359
3099654
355756
6572612
33321
70639
51183
813017
182088
66049015
5530339
89670913
29059176
1062463
836
9500976
269218
2847
4016986
982446
80046328
862305
7256519
902914
853755
91733
9529335
76936474
45554
17216
32294
99674712
15606437
394244
35637497
8971404
11335185
6661441
723037
61583
5949700
450076
7117496
555742
70864
49034198
17230000
3029
50409746
73523232
4526255
635373
89208559
628469
884639
33027300
77480878
4667803
11676547
2283
3631352
4170360
305189
5309744
1426162
397053
79654369
3325954
352120
91862775
97740
55000398
7522384
56082
386223
68504830
92128156
99516
7821167
689960
9063618
827682
76554
83307
6139
74729327
58905
80933
67504
62958
70650
53041
20179595
93212237
4476188
35510220
509104
70659333
77675848
94904
9229726
4466845
43295641
82795
11913492
3230695
77422972
554718
12347846
78152435
2077640
458978
2535000
245847
522247
3736909
944646
50296364
77500794
34999376
44934
4647592
4035704
283406
72864
286406
494001
681716
17553907
65431845
81853260
36587831
27717518
35085935
13024337
50177080
76882
788950
25696530
35541
76303289
69485
73152012
39610854
26309592
40221721
22463
61350851
24537863
3120101
17556276
32416840
1209668
5581754
8421521
642707
47102312
39861581
61057212
93566696
7101171
81493948
25738
41800265
6161679
32002988
90296015
16277682
89496558
757927
26903632
665996
5896398
919693
17210712
367
84710855
47191
4735316
82330
304651
47789909
54375264
52535291
175662
33064
17010884
51679
49229698
634191
49476
80316
54918
36162996
99351340
2324657
99859716
52874646
7988
5015430
725029
9293822
8443859
91205913
63106345
553065
277600
83845
36494379
20139360
462488
663880
8618739
56433812
83460602
125476
8443
10304
4309395
7420350
93394280
5530906
86150
278029
20214631
5696
63202302
17282612
93391
29889732
65685441
8589983
37508562
7418280
994018
3616285
8737271
50226
735585
20864
48490
165434
78360
46137889
342033
19999
1802563
11343666
873786
98508042
37594866
77159
12726298
53794
77661
782169
60104201
5319789
577945
92369
82422091
89025074
87424642
84735181
200285
3984801
38966702
5287943
618741
32186
11383595
40149885
23011
12920797
4646989
3457378
3685257
80772782
796420
67255221
39049
5984196
187571
95877157
306063
17578247
20545765
88942438
19110
39046
8207139
10033891
89495194
7592422
79804
85680507
62578
188790
792159
744345
9825
7709112
68642
441307
1168601
79514
84900672
38825
38004468
7208854
45959629
335063
40959
7900453
72743469
71840168
54688
75270993
56692126
75451392
99546137
34547569
89569899
98952
820116
32585878
88168440
8146141
483742
85660100
86561663
3096418
35464
46707475
2754223
4689926
29490237
581031
80190414
700014
2148633
40874673
4824
42460343
7033944
56557614
62174806
9315763
82669086
643805
98232271
20967400
28017
70916732
247031
38627018
4672959
55601314
969638
345934
9710497
975415
5972792
35018332
20355608
533
54298104
53195
2903392
72996
8433236
547145
78017
416369
41231754
9401303
22762319
75257
93095289
10695067
14176
9096474
37623762
21388137
1894497
94747540
43280239
2124087
534202
33388
45467023
84877401
5412659
5613928
689502
8893707
8909177
20093144
131645
5999870
20795
9761776
241623
82140213
3920067
30678
873355
837771
193316
8122
895549
5928102
216433
17971378
86282402
8684948
451764
19536
404863
71679912
441174
91068
147669
98726
6040404
45431948
2174984
891491
63170163
548720
6643337
2847611
57535
1577668
23774295
15285
4019405
41041
55330
61257169
761207
4011659
4486573
91422
89542951
75650336
6053697
79573330
85133957
81899738
82980590
41161
52050216
992607
10353345
401311
2774604
95629308
67707399
84595967
20674
1117486
970399
87318521
6525224
13350917
55045233
64269
2198878
67983
425645
9313694
59059162
92939027
473295
229822
9820706
39720
81159564
21113377
788493
5377843
79510304
57270
97875569
712271
27138
93946847
36379556
59309799
1701172
80539015
50805678
12305205
81487406
2851903
4148641
242432
4531119
36558
227058
56588
743802
86145478
594080
7750
56932857
45972094
16990
305426
354697
369247
23218
7135135
286541
193238
70066135
96301863
38074068
114771
62627849
2445326
6012650
85867
62514
53819
951575
2970853
6433283
3463859
6452060
2936515
267900
3488437
226788
72669747
871084
152733
60277
73434001
78329907
445261
84244331
860836
904031
8351
98299153
527571
359819
90158609
93666734
9341826
951477
9907523
915419
83308833
9962
42602477
346053
452781
32516
694020
54607155
340809
7064004
820353
1132860
3943595
40546057
9827228
37000296
974259
6646517
26455
9296705
85381008
2967083
99998277
546419
36587497
38306941
19836
90346493
54579594
57043934
60558097
774791
881354
2764
75989
61835603
14276
11061
7408119
36254188
667265
67915029
7245159
9516538
842161
66199
856475
31265695
26140
2892420
42235099
90358674
90393607
81423512
95061
5965956
63147
4202692
6075094
10397
20434697
96069
9142283
984692
7615802
16618144
89698519
457810
86947
90303
5353671
14387937
80492
6551
24304
251307
3066944
827745
2229692
65961735
74572354
6954710
48533463
81772372
19867
921919
680698
46430727
80008706
92894
6225
4254430
85269
78626537
980709
48352843
983867
89053
92777689
330560
59416134
65538175
18059596
5302766
311412
846680
27257407
90774765
72728
302642
6784696
68770351
93538
89286419
61906449
95201556
54430092
526557
50543941
69034
705781
6735727
84587454
847
569579
73841
3784343
36784375
15267955
31588522
42003923
81470751
405434
4975073
8742536
86879164
7828159
1789367
8156968
77399848
65668583
48228487
59325
63122
7948732
208428
439414
922362
970820
144773
7341854
35023515
29653569
91077144
22757
350556
39793048
8705395
56466
8781816
8809191
66931709
52759415
45309100
1589162
58577454
91895
6132
5080294
50795
78335771
4828423
40022
83999249
7195009
537147
47185008
15722260
87261129
707964
3930001
941521
71137
9467283
51929217
16595749
648754
855504
14174683
90616
49287608
49072911
45
6546566
96935431
37552
75457588
21869396
20595958
41443984
552644
63870599
10587
57097336
50638837
70695799
38467140
81679462
56772
63921
70551491
47639921
1039859
73230198
476096
46994
31677154
53299737
5236758
828712
437035
79048568
420309
22805
37662
715045
93378
93163
41859642
57372672
4392980
7149105
913325
58095
93609724
29248091
244402
28316
95855
61849
599293
15527653
31620673
98621
75981441
134953
98433257
53098426
23829
8980829
81257804
66719346
60417
205661
34758
241863
706543
60657876
53301413
9492404
195944
518137
985683
45846617
28206462
3962470
54777359
954392
85969
2945521
24740629
44770238
950429
52507008
25509758
95508272
18995882
884911
7972785
28317982